10 10
100
1
Resources/GRASS+.png
0 0 0 100 0 0 0
0 1 0 200 0 0 0
0 2 0 200 0 0 0
0 3 0 200 0 0 0
0 4 0 200 0 0 0
0 5 0 200 0 0 0
0 6 0 200 0 0 0
0 7 0 200 0 0 0
0 8 0 200 0 0 0
0 9 0 100 0 0 0
1 0 0 200 0 0 0
1 1 0 100 0 0 0
1 6 0 100 0 1 0
1 9 0 200 0 0 0
2 0 0 200 0 0 0
2 2 0 100 0 0 0
2 3 0 100 0 0 0
2 5 0 0 0 1 0
2 7 0 0 0 1 0
2 9 0 200 0 0 0
3 0 0 200 0 0 0
3 2 0 0 0 1 0
3 4 0 100 0 0 0
3 6 0 0 0 1 0
4 1 0 0 0 1 0
5 6 0 0 0 1 0
5 7 0 0 0 1 0
7 2 0 0 0 1 0
7 3 0 0 0 1 0
7 4 0 0 0 1 0
7 6 0 0 0 1 0
8 6 0 0 0 1 0
